function ML_SinglePole()
global FirstDelayOutput 
global FirstStageFeedbackValue FirstDelayInput 
global  FirstFeedbackGain RealInputAxis
global FirstOutputImagAxis
global FirstOutputRealAxis newFormNo100 FirstRealPole
global FirstImagPole CompModeSelect100 SeqLengthSet TestSignalType Compute100
global UCPolePlot UnitCircleAxes
%function ML_SinglePole
%
%Opens a GUI affording experimentation with a single-pole IIR. Any value
%for the pole can be set in edit boxes, and various lengths and types of
%test signal may be chosen. The computation may be done automatically,
%step-by-step (showing intermediate computation values) at fast or slow
%rates.
%
% Author: F. W. Isen
% Copyright 2009 by Morgan & Claypool

ftsz1 = 12;
ftsz2 = 12;
scnsize = get(0,'ScreenSize');
pos1 = [0.0025*scnsize(3), 0.06*scnsize(4), 0.995*scnsize(3), 0.89*scnsize(4)];

%==========================================================================
mat0 = ...
         [0         0    0.5625
         0         0    0.6250
         0         0    0.6875
         0         0    0.7500
         0         0    0.8125
         0         0    0.8750
         0         0    0.9375
         0         0    1.0000
         0    0.0625    1.0000
         0    0.1250    1.0000
         0    0.1875    1.0000
         0    0.2500    1.0000
         0    0.3125    1.0000
         0    0.3750    1.0000
         0    0.4375    1.0000
         0    0.5000    1.0000
         0    0.5625    1.0000
         0    0.6250    1.0000
         0    0.6875    1.0000
         0    0.7500    1.0000
         0    0.8125    1.0000
         0    0.8750    1.0000
         0    0.9375    1.0000
         0    1.0000    1.0000
    0.0625    1.0000    1.0000
    0.1250    1.0000    0.9375
    0.1875    1.0000    0.8750
    0.2500    1.0000    0.8125
    0.3125    1.0000    0.7500
    0.3750    1.0000    0.6875
    0.4375    1.0000    0.6250
    0.5000    1.0000    0.5625
    0.5625    1.0000    0.5000
    0.6250    1.0000    0.4375
    0.6875    1.0000    0.3750
    0.7500    1.0000    0.3125
    0.8125    1.0000    0.2500
    0.8750    1.0000    0.1875
    0.9375    1.0000    0.1250
    1.0000    1.0000    0.0625
    1.0000    1.0000         0
    1.0000    0.9375         0
    1.0000    0.8750         0
    1.0000    0.8125         0
    1.0000    0.7500         0
    1.0000    0.6875         0
    1.0000    0.6250         0
    1.0000    0.5625         0
    1.0000    0.5000         0
    1.0000    0.4375         0
    1.0000    0.3750         0
    1.0000    0.3125         0
    1.0000    0.2500         0
    1.0000    0.1875         0
    1.0000    0.1250         0
    1.0000    0.0625         0
    1.0000         0         0
    0.9375         0         0
    0.8750         0         0
    0.8125         0         0
    0.7500         0         0
    0.6875         0         0
    0.6250         0         0
    0.5625         0         0];
mat1 = ...
   [NaN   NaN   NaN   NaN   NaN   NaN     2     2     2     2     2   NaN   NaN   NaN   NaN   NaN
   NaN   NaN   NaN   NaN     2     2     2     2     2     2     2     2     2   NaN   NaN   NaN
   NaN   NaN   NaN     1     1     1     1     2     2     1     1     1     1     2   NaN   NaN
   NaN   NaN     1     2     2     1     2     2     2     2     2     1     2     1     2   NaN
   NaN   NaN     2     2     2     2     2     2     2     2     2     2     2     2     2   NaN
   NaN     2     2     2     2     2     2     2     2     2     2     2     2     2     2     2
   NaN     2     2     1     1     1     1     1     1     1     1     1     1     1     2     2
   NaN     2     1     1     1     1     1     1     1     1     1     1     1     1     1     2
   NaN     2     2     1     1     1     1     1     1     1     1     1     1     1     2     2
   NaN     2     2     2     1     1     1     1     2     1     2     1     1     2     2     2
   NaN   NaN     2     2     2     2     2     1     2     1     2     1     2     2     2   NaN
   NaN   NaN     2     2     2     2     2     1     2     1     2     1     2     2     2   NaN
   NaN   NaN   NaN     2     2     2     2     1     2     1     2     1     2     2   NaN   NaN
   NaN   NaN   NaN   NaN     2     2     2     2     1     1     1     2     2   NaN   NaN   NaN
   NaN   NaN   NaN   NaN   NaN   NaN     2     2     2     2     2   NaN   NaN   NaN   NaN   NaN
   NaN   NaN   NaN   NaN   NaN   NaN   NaN   NaN   NaN   NaN   NaN   NaN   NaN   NaN   NaN   NaN];
mat2 = ...
         [0         0    1.0000
         0    0.5000         0
    1.0000         0         0
         0    0.7500    0.7500
    0.7500         0    0.7500
    0.7500    0.7500         0
    0.2500    0.2500    0.2500];
mat3 = ...
  [-50.3041  -50.3110  -50.3315  -50.3657  -50.4134  -50.4745  -50.5488  -50.6362  -50.7364  -50.8491  -50.9740 ...
  -51.1107  -51.2590  -51.4184  -51.5884  -51.7686  -51.9584  -52.1575  -52.3652  -52.5809  -52.8041  -53.0341 ...
  -53.2704  -53.5123  -53.7590  -54.0100  -54.2645  -54.5219  -54.7815  -55.0424  -55.3041  -55.5658  -55.8267 ...
  -56.0863  -56.3437  -56.5982  -56.8492  -57.0959  -57.3378  -57.5741  -57.8041  -58.0273  -58.2430  -58.4507 ...
  -58.6498  -58.8396  -59.0198  -59.1898  -59.3492  -59.4975  -59.6342  -59.7591  -59.8718  -59.9720  -60.0594 ...
  -60.1337  -60.1948  -60.2425  -60.2767  -60.2972  -60.3041  -60.2972  -60.2767  -60.2425  -60.1948  -60.1337 ...
  -60.0594  -59.9720  -59.8718  -59.7591  -59.6342  -59.4975  -59.3492  -59.1898  -59.0198  -58.8396  -58.6498 ...
  -58.4507  -58.2430  -58.0273  -57.8041  -57.5741  -57.3378  -57.0959  -56.8492  -56.5982  -56.3437  -56.0863 ...
  -55.8267  -55.5658  -55.3041  -55.0424  -54.7815  -54.5219  -54.2645  -54.0100  -53.7590  -53.5123  -53.2704 ...
  -53.0341  -52.8041  -52.5809  -52.3652  -52.1575  -51.9584  -51.7686  -51.5884  -51.4184  -51.2590  -51.1107 ...
  -50.9740  -50.8491  -50.7364  -50.6362  -50.5488  -50.4745  -50.4134  -50.3657  -50.3315  -50.3110  -50.3041];

mat4 = ...
   [19.7216   20.1141   20.5055   20.8948   21.2809   21.6627   22.0392   22.4093   22.7721   23.1265   23.4716 ...
   23.8064   24.1300   24.4415   24.7401   25.0249   25.2952   25.5502   25.7892   26.0116   26.2168   26.4041 ...
   26.5732   26.7234   26.8545   26.9660   27.0577   27.1292   27.1805   27.2113   27.2216   27.2113   27.1805 ...
   27.1292   27.0577   26.9660   26.8545   26.7234   26.5732   26.4041   26.2168   26.0116   25.7892   25.5502 ...
   25.2952   25.0249   24.7401   24.4415   24.1300   23.8064   23.4716   23.1265   22.7721   22.4093   22.0392 ...
   21.6627   21.2809   20.8948   20.5055   20.1141   19.7216   19.3291   18.9376   18.5483   18.1622   17.7804 ...
   17.4040   17.0338   16.6711   16.3166   15.9716   15.6368   15.3132   15.0017   14.7031   14.4183   14.1480 ...
   13.8930   13.6540   13.4315   13.2264   13.0390   12.8700   12.7197   12.5887   12.4771   12.3855   12.3139 ...
   12.2627   12.2319   12.2216   12.2319   12.2627   12.3139   12.3855   12.4771   12.5887   12.7197   12.8700 ...
   13.0390   13.2264   13.4315   13.6540   13.8930   14.1480   14.4183   14.7031   15.0017   15.3132   15.6368 ...
   15.9716   16.3166   16.6711   17.0338   17.4040   17.7804   18.1622   18.5483   18.9376   19.3291   19.7216];

mat7 = ...
   [11.8329    4.4084    4.4084  -10.4408];

mat9 = ...
    [9.0829    9.0829   11.8329    9.0829];

mat21 = ...
         [0         0    1.0000
         0    0.5000         0
    1.0000         0         0
         0    0.7500    0.7500
    0.7500         0    0.7500
    0.7500    0.7500         0
    0.2500    0.2500    0.2500];

mat36 = ...
         [0         0    1.0000
         0    0.5000         0
    1.0000         0         0
         0    0.7500    0.7500
    0.7500         0    0.7500
    0.7500    0.7500         0
    0.2500    0.2500    0.2500];

